SimNum, OptParm, OptParmErr, OptParm, OptParmErr, ChiSqr, ChiSqrProb, HiTracer, HiChiSqr, Iters, Time, ModConcs, ModConcs, ModConcs, SimConcs, SimConcs, SimConcs, 
1, 99.3033, 0.998989, 1.30805, 0.1813, 0.627262, 0.428362, 0, 0.311299, 50, 1.65, 4.27563, 28.2993, 0.819342, 4.02077, 31.0154, 0.830362, 
2, 59.4972, 7.69907, 0.769952, 0.170674, 0.559713, 0.454376, 1, 0.373054, 8, 1.77, 4.9703, 31.8961, 0.992737, 4.781, 34.8919, 1.00655, 
3, 94.333, 3.14312, 1.23268, 0.180372, 0.377513, 0.538937, 1, 0.246795, 20, 2.365, 4.33513, 28.6811, 0.827413, 4.4939, 26.2445, 0.816133, 
4, 63.8085, 3.04813, 0.675602, 0.105887, 0.0307569, 0.860784, 1, 0.0201742, 14, 2.583, 5.02158, 33.909, 0.812625, 4.97674, 34.6055, 0.816133, 
5, 78.7114, 8.48106, 0.783652, 0.163482, 0.0623324, 0.802847, 1, 0.0404827, 6, 2.689, 4.69236, 32.6608, 0.685413, 4.75675, 31.6739, 0.680381, 
6, 96.4369, 9.31731, 1.04369, 0.206802, 5.49321e-06, 0.99813, 1, 3.50352e-06, 6, 2.873, 4.34594, 30.0878, 0.681855, 4.34656, 30.0786, 0.681809, 
7, 75.7189, 0.998364, 0.954293, 0.132916, 2.93883, 0.0864736, 1, 1.93747, 20, 3.274, 4.63978, 30.5629, 0.868671, 4.20136, 37.3903, 0.900701, 
8, 97.7791, 3.14322, 1.17764, 0.178743, 1.05485, 0.304393, 1, 0.68161, 22, 3.95, 4.31003, 29.1302, 0.7554, 4.04214, 33.1796, 0.774781, 
9, 68.6281, 8.36474, 0.871168, 0.184744, 0.00759763, 0.930541, 1, 0.00501399, 7, 4.073, 4.77489, 31.1709, 0.912918, 4.79718, 30.8236, 0.911304, 
10, 72.122, 3.11499, 1.00408, 0.145735, 0.021097, 0.884515, 1, 0.0140201, 9, 4.357, 4.63836, 29.7471, 0.967602, 4.60141, 30.3278, 0.970218, 
11, 77.5811, 8.76249, 0.926563, 0.189892, 1.56185, 0.211394, 1, 1.01886, 5, 4.454, 4.63197, 30.9453, 0.81942, 4.95473, 25.9943, 0.795774, 
12, 54.7319, 6.56053, 0.558641, 0.117514, 0.0188857, 0.890695, 1, 0.0125563, 7, 4.543, 5.33685, 35.7225, 0.865598, 5.30228, 36.2721, 0.868374, 
13, 141.598, 0.999758, 1.44854, 0.236728, 1.24297, 0.2649, 1, 0.808764, 19, 4.746, 3.91744, 27.9056, 0.552874, 3.63087, 32.3167, 0.575645, 
14, 65.8978, 3.04721, 0.647052, 0.104058, 0.934717, 0.33364, 1, 0.611181, 9, 4.899, 5.02067, 34.5414, 0.746348, 4.77331, 38.376, 0.766012, 
15, 73.0617, 7.95068, 0.682034, 0.142398, 0.0256441, 0.872773, 1, 0.0164296, 5, 4.986, 4.85799, 34.0707, 0.67016, 4.89969, 33.442, 0.66681, 
16, 97.2755, 3.13778, 1.02078, 0.16613, 4.83691, 0.0278568, 1, 2.7286, 50, 6.121, 4.33862, 30.2593, 0.657998, 3.69632, 38.3703, 0.698104, 
17, 55.523, 6.32701, 0.509672, 0.102792, 1.43152, 0.231516, 1, 0.935105, 9, 6.227, 5.42433, 37.1407, 0.786811, 5.11913, 41.8838, 0.812069, 
18, 76.204, 0.0316225, 0.792897, 0.0305871, 0.749606, 0.386601, 1, 0.487833, 16, 6.683, 4.72646, 32.5142, 0.727185, 4.50316, 35.9401, 0.744251, 
19, 88.8906, 0.998925, 1.00692, 0.149343, 1.00317, 0.316544, 1, 0.649182, 18, 7.306, 4.4474, 30.3398, 0.738072, 4.18718, 34.2918, 0.757482, 
20, 71.4179, 10.7991, 0.55455, 0.137444, 1.61271, 0.204111, 1, 1.02608, 8, 7.444, 5.00919, 36.3324, 0.565171, 5.33925, 31.3639, 0.536486, 
21, 64.6372, 6.901, 0.531108, 0.107794, 0.952354, 0.329121, 1, 0.612778, 9, 7.571, 5.19872, 36.9636, 0.640723, 5.45041, 33.124, 0.619296, 
22, 72.1282, 0.316133, 0.894059, 0.116024, 0.257169, 0.612072, 1, 0.170232, 22, 8.015, 4.71754, 31.086, 0.874702, 4.84691, 29.0636, 0.865262, 
23, 103.994, 0.999256, 1.01024, 0.168408, 2.87426, 0.0900063, 1, 1.83631, 8, 8.125, 4.28504, 30.4363, 0.582341, 3.84195, 37.0831, 0.617536, 
24, 56.7657, 0.316023, 0.603051, 0.0814967, 0.215302, 0.642643, 1, 0.142, 10, 8.355, 5.22831, 34.8578, 0.87318, 5.1104, 36.7061, 0.882412, 
25, 63.5049, 13.6013, 0.828462, 0.263979, 0.0257526, 0.872506, 1, 0.0170898, 5, 8.408, 4.86823, 31.3736, 0.967758, 4.90905, 30.7324, 0.964809, 
26, 85.0635, 3.13068, 1.04676, 0.157176, 1.65599, 0.198145, 1, 1.0774, 19, 8.961, 4.48032, 29.9082, 0.813054, 4.1467, 34.9992, 0.837121, 
27, 85.7493, 8.94808, 0.91682, 0.186713, 0.00278934, 0.95788, 1, 0.00179465, 6, 9.088, 4.52869, 31.2209, 0.705712, 4.51491, 31.4287, 0.706756, 
28, 110.393, 9.60944, 1.23098, 0.235027, 0.398472, 0.52788, 1, 0.257128, 7, 9.162, 4.2062, 29.0661, 0.661476, 4.04191, 31.5534, 0.673856, 
29, 96.4198, 0.998995, 0.91887, 0.152954, 0.0415556, 0.838469, 1, 0.0266033, 12, 9.473, 4.37472, 31.1371, 0.593647, 4.42782, 30.3369, 0.589374, 
30, 85.9214, 0.00999999, 0.936666, 0.00997545, 0.725788, 0.394252, 1, 0.473594, 21, 10.118, 4.51956, 31.0284, 0.718715, 4.73905, 27.6528, 0.702213, 
31, 74.1213, 3.11422, 0.966041, 0.142816, 0.0909703, 0.762947, 1, 0.0603308, 11, 10.332, 4.65146, 30.3535, 0.902357, 4.72817, 29.1489, 0.896749, 
32, 97.5535, 0.999326, 1.24152, 0.174807, 0.970886, 0.324459, 1, 0.632636, 19, 11.003, 4.3023, 28.6932, 0.797639, 4.04707, 32.5941, 0.815939, 
33, 131.007, 9.85248, 1.75313, 0.297259, 1.33313, 0.248249, 1, 0.868624, 7, 11.07, 4.03703, 26.8944, 0.759982, 3.73765, 31.4658, 0.781134, 
34, 66.7012, 0.995367, 0.57372, 0.0914136, 1.79813, 0.179939, 1, 1.15452, 33, 11.511, 5.0943, 36.0193, 0.655098, 4.74743, 41.2895, 0.684336, 
35, 97.8945, 3.14304, 1.1701, 0.17816, 2.4276, 0.119215, 1, 1.3901, 50, 12.785, 4.30995, 29.1837, 0.749431, 3.85779, 34.9707, 0.776224, 
36, 76.3989, 0.997903, 0.800716, 0.121007, 0.845705, 0.35777, 1, 0.548424, 15, 13.099, 4.71867, 32.4162, 0.731274, 4.48098, 36.0486, 0.749681, 
37, 59.4252, 8.16398, 0.474585, 0.104081, 0.05252, 0.818735, 1, 0.0338986, 5, 13.145, 5.42011, 38.3939, 0.663536, 5.47892, 37.4909, 0.65843, 
38, 93.2554, 0.998833, 0.882742, 0.146567, 0.191532, 0.661644, 1, 0.12195, 18, 13.552, 4.42758, 31.4966, 0.598489, 4.3129, 33.2093, 0.607658, 
39, 74.7555, 0.997398, 0.718884, 0.112752, 0.335448, 0.562469, 1, 0.216985, 10, 13.784, 4.79956, 33.519, 0.680966, 4.64971, 35.8028, 0.692833, 
40, 76.1005, 8.25687, 0.73951, 0.154302, 0.756344, 0.384475, 1, 0.485024, 5, 13.909, 4.76225, 33.2323, 0.681294, 4.53557, 36.6483, 0.699187, 
41, 81.9393, 0.998487, 0.900468, 0.134539, 0.584708, 0.444473, 1, 0.380663, 20, 14.307, 4.58743, 31.3428, 0.739936, 4.38999, 34.3676, 0.754926, 
42, 75.4711, 8.49304, 0.82808, 0.171961, 0.271671, 0.602213, 1, 0.178371, 6, 14.413, 4.71551, 32.0448, 0.767986, 4.5821, 34.1164, 0.778099, 
43, 75.0403, 3.09696, 0.793585, 0.126213, 0.228502, 0.632637, 1, 0.147902, 6, 14.577, 4.74376, 32.482, 0.744196, 4.61987, 34.3684, 0.75368, 
44, 77.2944, 0.998158, 0.852468, 0.126217, 3.71946, 0.0537817, 1, 2.42407, 17, 14.911, 4.6754, 31.7911, 0.762876, 4.17866, 39.4287, 0.800771, 
45, 104.047, 9.69497, 1.5553, 0.27607, 0.155508, 0.693326, 1, 0.10288, 8, 15.022, 4.23994, 27.2113, 0.899439, 4.13896, 28.7846, 0.906376, 
46, 74.2006, 8.44984, 0.831255, 0.172495, 1.2669, 0.260349, 1, 0.824345, 6, 15.138, 4.7314, 31.9656, 0.789261, 4.4406, 36.419, 0.811088, 
47, 95.9082, 0.0999965, 1.06422, 0.0851454, 0.193101, 0.660348, 1, 0.12339, 11, 15.764, 4.34914, 29.9313, 0.701051, 4.23356, 31.6543, 0.709583, 
48, 60.2814, 0.995937, 0.698194, 0.0972984, 0.580038, 0.446298, 1, 0.385773, 17, 16.04, 5.04443, 33.2294, 0.903781, 4.85189, 36.2745, 0.9185, 
49, 69.6043, 12.4691, 0.676723, 0.185064, 0.999786, 0.317362, 1, 0.651239, 5, 16.094, 4.92476, 34.1158, 0.716345, 4.66799, 38.0741, 0.736739, 
50, 75.9311, 0.998151, 0.875758, 0.12658, 1.95476, 0.162075, 1, 1.27717, 14, 16.378, 4.68073, 31.472, 0.801645, 4.3208, 37.0152, 0.828573, 
